-3.750682912705221772e+08 -3.958451180692283511e+08 -3.861654334311661720e+08 -3.849355649926756620e+08 -3.800810615346377492e+08 -3.860779878401596546e+08 -3.839999282646460533e+08 -3.887864966514152884e+08 -3.874228801344482303e+08 -3.824499987276388407e+08
6.196231295276033878e+07 -5.722818583407570608e+06 -7.878961132960210554e+06 -7.702298082126790658e+06 -7.648045749599431641e+06 -4.731719452546457760e+06 -7.021799588517859578e+06 -5.571733167815230787e+06 -7.662386230869106017e+06 -6.281655578665453009e+06
-1.925412868101918139e+05 5.116467413255793042e+06 -3.498685892110423651e+06 3.921067526910524350e+06 -4.373962787206975743e+06 -1.196733129595354199e+06 -5.875825641176545992e+06 7.616360372993832454e+06 4.197486437599970959e+06 -6.060740756802182645e+06
8.447859496493823826e+03 9.354557178632249124e+05 -1.544287657168333419e+06 -1.243686726049804594e+06 -8.448780213921065442e+05 -4.901988285984765738e+06 1.744727329833875410e+05 2.108436664872398600e+06 2.167680802456014790e+05 5.084553384849792346e+06
-1.920033854213951854e+05 1.161040190747840097e+05 -1.640559466714414535e+06 -1.335161870003824588e+05 -2.966109019983024918e+05 3.729603153252954129e+06 -3.685324884400344454e+06 -9.267975377311727789e+04 -1.005849202512312215e+06 3.202202357745351270e+06
1.784441211464379448e+05 -2.106778579860166181e+06 1.857131098244747147e+06 1.261782977998917922e+06 2.243285240969098639e+06 -1.671802801169127692e+06 -3.040149000246695243e+06 -3.597675124557577656e+05 1.507053927556912880e+06 2.102311591256270185e+05
-4.510190808634570567e+04 1.882607214313342702e+06 1.253670886520220665e+06 -1.961125865528357681e+06 1.605629196550483583e+06 -2.731614676488095429e+05 -9.856398961694182362e+05 8.151004395947764860e+05 -1.658384901455756743e+06 -6.752454129276551539e+05
4.178830784816527739e+03 7.679614597134379437e+04 -1.143752694760980783e+06 1.751478579600757803e+05 1.082155241425400600e+06 -8.311812950191335403e+04 1.681113203790465486e+05 -8.617755008092187927e+04 1.163194098601279984e+04 -1.895222673721888859e+05
-3.182931585801253095e+04 -1.812665746521290625e+06 -1.585556713491016126e+05 -1.133240294517392293e+06 2.535596368531514308e+05 6.047636061080752406e+05 3.689337398840013193e+05 1.995760112044903450e+06 1.578736640589050076e+05 -2.136013795656583679e+05
-2.039794561083908775e+03 3.785011333378092968e+05 -1.438934823731036158e+05 -1.380598792156398529e+06 6.104482176026984234e+03 2.252864426575539110e+05 -1.270215700619765266e+05 -6.357117204533334589e+05 1.700633923385406844e+06 -3.735107660190456954e+04
